mean
[[140.06677951336474, 146.42464785310764, 150.6273551752699], [13.071930608433211, 111.45270474949074, 139.46468392616245], [230.76458572854776, 150.98417993270962, 61.342522127364845]]
Pi
[0.281625906651338, 0.42196767199604635, 0.29640642135259637]
covariance
[array([[3357.72265321, 2711.04368263, 2712.66663063],
       [2711.04368263, 2868.17229602, 3209.48197175],
       [2712.66663063, 3209.48197175, 3898.73389318]]), array([[ 185.15123701,  259.88547771,  292.00305031],
       [ 259.88547771, 2890.77420927, 3446.17996023],
       [ 292.00305031, 3446.17996023, 4603.17493836]]), array([[ 960.87540994,  809.8399368 ,  505.02476818],
       [ 809.8399368 , 1060.49598592,  954.85172411],
       [ 505.02476818,  954.85172411, 1240.06060798]])]
