mean
[[189.84089624218055, 193.55166601197598, 202.37450550162964], [2.1179615785693726, 38.825246412678304, 38.419510208487026], [110.48987321735264, 119.74362657321915, 121.13439355402058], [15.540477625305385, 97.4759443583697, 121.13206691621929], [15.743304875415319, 150.03998702804347, 192.06473477783425], [248.39544511539702, 167.31322180340064, 75.81982361407199], [191.7404671162842, 115.57453918338928, 31.521990440873573]]
Pi
[0.11773172226966723, 0.07828222056179418, 0.15517984240879595, 0.15959877584461968, 0.19024981126556412, 0.19244378225223532, 0.10651384539730202]
covariance
[array([[1364.69627232, 1121.28654738,  778.0582044 ],
       [1121.28654738, 1051.27886257,  863.29670707],
       [ 778.0582044 ,  863.29670707,  928.26078838]]), array([[ 11.25672606,  16.92249522,  13.21342388],
       [ 16.92249522, 751.73367089, 761.53558902],
       [ 13.21342388, 761.53558902, 849.33545992]]), array([[1886.63768915,  913.44639234,  710.29162897],
       [ 913.44639234, 1328.37355238, 1676.99123031],
       [ 710.29162897, 1676.99123031, 2448.82870555]]), array([[ 195.12898473,   69.04748594,  -75.49064831],
       [  69.04748594, 1281.25895225, 1537.6551936 ],
       [ -75.49064831, 1537.6551936 , 2400.30732058]]), array([[ 199.63820319,   97.33913704,  117.06869944],
       [  97.33913704, 1412.03278047, 1067.16675112],
       [ 117.06869944, 1067.16675112, 1024.32983268]]), array([[ 41.47656874,  85.56062124,  62.84421224],
       [ 85.56062124, 487.79041254, 518.98955129],
       [ 62.84421224, 518.98955129, 743.09620073]]), array([[1365.58458539,  706.0134998 , -298.17904362],
       [ 706.0134998 ,  562.39936342,  106.94690185],
       [-298.17904362,  106.94690185,  538.09936193]])]
