mean
[[159.35466924354213, 143.33132474577064, 126.18263918157656], [13.85069774960037, 110.26489154275933, 136.98604672258782], [247.46440508715023, 164.05415262395488, 68.844426629285]]
Pi
[0.3632513618735442, 0.4370289474062723, 0.1997196907201777]
covariance
[array([[2881.47721724, 1712.64239854,  730.37225215],
       [1712.64239854, 2376.96403512, 3045.02881323],
       [ 730.37225215, 3045.02881323, 5524.91024655]]), array([[ 213.72690331,  258.26819173,  268.8886527 ],
       [ 258.26819173, 2900.28395655, 3482.20041966],
       [ 268.8886527 , 3482.20041966, 4658.06054097]]), array([[ 56.28327274, 119.22937176, 124.94996698],
       [119.22937176, 481.81106379, 511.30508633],
       [124.94996698, 511.30508633, 733.86599314]])]
